4;14;2;
0 0 19 -3.07856 1;
1 1 19 1.45381 0;
2 2 19 -1.35841 1;
3 3 19 1.46388 0;
4 4 19 -6.41314 0;
5 0 20 -0.247857 1;
6 1 20 -8 1;
7 2 20 -8 1;
8 3 20 -1.43499 1;
9 4 20 -2.47877 0;
13 0 5 -0.277871 1;
14 1 5 3.86471 1;
15 5 19 -2.58904 0;
137 5 20 -8 1;
699 0 13 -7.95637 1;
700 3 13 7.98724 0;
701 13 19 7.50894 1;
1040 5 13 -3.85931 1;
1041 0 12 8 1;
1042 3 12 5.06247 0;
1043 12 13 -0.962295 1;
1074 0 11 -0.811525 1;
1075 3 11 3.04028 1;
1076 11 12 6.94052 1;
1209 13 20 -5.98881 1;
1609 0 14 -3.03646 1;
1610 4 14 -0.07547 1;
1611 14 20 1.50378 1;
2051 0 18 0.850997 1;
2052 4 18 -3.58216 0;
2053 18 19 1.91939 1;
2243 1 12 -3.57901 1;
2788 11 14 6.19225 1;
4190 0 9 -4.77276 1;
4191 5 9 -0.19467 0;
4192 9 19 -7.53812 1;
4361 0 8 -7.84413 1;
4362 5 8 3.97939 0;
4363 8 9 -2.18105 1;
4873 0 17 -0.887148 1;
4874 4 17 1.25482 1;
4875 17 18 1.0932 1;
4974 9 11 -2.01788 0;
5198 2 9 7.2582 1;
5956 9 17 5.02989 0;
6553 4 11 6.93122 1;
7191 11 17 3.16135 0;
7506 0 15 0 1;
7507 9 15 0.49419 1;
7508 15 17 4.74364 1;
8292 3 15 -7.54331 1;
8619 0 6 1.32336 1;
8620 5 6 8 1;
8621 6 8 6.8863 0;
8650 0 7 0 1;
8651 6 7 -0.889278 1;
8652 7 8 -6.22133 1;
8776 0 16 0.431818 1;
8777 11 16 1 1;
8778 16 17 2.96707 1;
11666 17 20 0.076476 1;
12790 2 8 -1.15311 1;
14944 0 10 0 1;
14945 9 10 1 1;
14946 10 11 -2.01788 1;
