4;7;2;
0 0 12 -7.94891 1;
1 1 12 -6.78411 1;
2 2 12 -0.179257 1;
3 3 12 7.57606 1;
4 4 12 -1.88891 1;
5 0 13 -3.27813 1;
6 1 13 -6.64167 1;
7 2 13 -8 0;
8 3 13 -8 1;
9 4 13 -3.39732 1;
13 0 9 -2.88921 1;
14 2 9 6.77765 0;
15 9 13 -1.41518 0;
44 0 5 -8 1;
45 2 5 3.65907 1;
46 5 9 -0.21657 0;
203 0 10 -5.95037 1;
204 9 10 0.533194 1;
205 10 13 -4.30447 0;
311 1 9 -0.593101 0;
603 0 6 -4.52755 1;
604 1 6 5.24199 1;
605 6 9 5.79564 0;
730 0 11 -1.40327 1;
731 10 11 -8 1;
732 11 13 -1.75923 1;
1713 4 10 -3.77089 1;
3152 3 10 -1.46657 1;
4686 0 7 -3.43326 1;
4687 6 7 2.48721 1;
4688 7 9 0.186958 1;
19034 5 12 -2.16484 1;
19504 0 8 3.44039 1;
19505 5 8 -3.52675 1;
19506 8 9 0.0217104 1;
32514 11 12 -6.91051 1;
