4;9;2;
0 0 14 8 1;
1 1 14 -8 1;
2 2 14 -5.93274 0;
3 3 14 8 1;
4 4 14 -4.08006 0;
5 0 15 2.88897 1;
6 1 15 -3.99639 1;
7 2 15 -1.48322 1;
8 3 15 -6.25614 1;
9 4 15 -7.28497 0;
19 0 7 -2.49473 1;
20 2 7 -4.38888 0;
21 7 14 -7.08739 0;
269 7 15 -2.84741 1;
737 0 9 -0.915356 1;
738 4 9 0.0440008 0;
739 9 15 3.09377 0;
782 7 9 -5.61031 1;
879 0 12 8 1;
880 4 12 -5.85392 0;
881 12 14 4.10195 1;
972 0 11 2.18922 1;
973 7 11 4.0997 1;
974 11 14 -0.861635 1;
1163 0 6 -2.68284 1;
1164 2 6 -8 0;
1165 6 7 -0.240635 1;
1576 0 13 -8 1;
1577 9 13 -0.728515 1;
1578 13 15 3.50986 1;
1622 0 5 -1.87635 1;
1623 2 5 -8 1;
1624 5 6 4.52391 1;
2648 0 10 0.271603 1;
2649 4 10 1.15746 1;
2650 10 12 0.214483 1;
2700 0 8 5.84321 1;
2701 4 8 -2.65189 1;
2702 8 9 4.835 1;
3730 6 12 -4.72251 1;
5774 5 10 4.33632 1;
7006 11 12 -2.51927 1;
