4;15;2;
0 0 20 1.32595 1;
1 1 20 8 1;
2 2 20 3.77224 1;
3 3 20 -6.65988 0;
4 4 20 -3.01183 0;
5 0 21 5.31247 1;
6 1 21 -5.37231 1;
7 2 21 -5.2252 1;
8 3 21 -4.53565 1;
9 4 21 -6.98379 1;
25 0 6 -1.70451 1;
26 3 6 0.942649 0;
27 6 20 6.59047 0;
157 0 10 0.910129 1;
158 4 10 -8 0;
159 10 20 3.3882 0;
180 0 15 -8 1;
181 10 15 -8 1;
182 15 20 -3.02251 1;
199 0 9 2.73313 1;
200 4 9 2.57645 0;
201 9 10 4.49532 1;
374 0 14 7.96214 1;
375 6 14 -1.71563 0;
376 14 20 6.22255 0;
566 0 8 -3.73244 1;
567 4 8 8 0;
568 8 9 -2.75828 1;
1476 0 13 0.622509 1;
1477 6 13 1.86733 0;
1478 13 14 7.96225 1;
1861 0 12 1.22025 1;
1862 6 12 -1.67251 0;
1863 12 13 4.58214 1;
1920 0 16 2.72737 1;
1921 14 16 -0.113067 1;
1922 16 20 6.31975 0;
1968 0 19 -0.197174 1;
1969 16 19 0.165868 0;
1970 19 20 8 1;
3746 0 7 0 1;
3747 4 7 1 1;
3748 7 8 8 1;
3910 3 15 8 1;
4477 0 17 0 1;
4478 16 17 1 1;
4479 17 19 -2.10536 0;
4736 14 15 0.759039 1;
5016 0 11 0 1;
5017 6 11 1 1;
5018 11 12 0.768925 1;
6390 4 6 -5.18526 1;
6579 10 13 -7.4968 1;
6639 0 18 0 1;
6640 17 18 1 1;
6641 18 19 0.165868 1;
6688 2 16 -6.92237 1;
6928 0 5 0 1;
6929 3 5 1 1;
6930 5 6 0.942649 1;
12193 15 18 5.95594 1;
12718 2 6 -5.13289 1;
12862 1 16 -1.43208 1;
