3;3;6;
0 0 7 -8 1;
1 1 7 7.38217 0;
2 2 7 1.90514 1;
3 3 7 6.89851 1;
4 0 8 -8 1;
5 1 8 -8 0;
6 2 8 -2.83433 1;
7 3 8 8 1;
8 0 9 -8 1;
9 1 9 -5.04496 1;
10 2 9 -8 1;
11 3 9 -0.0989243 1;
12 0 10 -7.92075 1;
13 1 10 8 1;
14 2 10 -7.38259 1;
15 3 10 -1.05749 1;
16 0 11 -8 1;
17 1 11 3.57401 0;
18 2 11 -8 1;
19 3 11 5.75511 1;
20 0 12 -8 1;
21 1 12 1.06192 1;
22 2 12 1.55039 1;
23 3 12 -5.12961 1;
918 0 4 -3.77886 1;
919 1 4 3.95148 1;
920 4 11 -0.714997 1;
1553 0 5 -8 1;
1554 1 5 7.70681 1;
1555 5 8 -5.56835 1;
2576 5 11 -2.60728 1;
3104 5 7 2.82597 1;
6365 4 7 -7.76926 1;
7364 4 8 -1.94851 1;
8130 0 6 -2.5748 1;
8131 1 6 2.78965 1;
8132 6 7 -0.0898355 1;
8239 2 4 -8 1;
9485 6 8 0.499178 1;
14018 2 5 -4.20578 1;
15874 6 11 4.13983 1;
